id,zip_file_name
793,complaint_2019120100_2020010100_001.xml.zip
794,complaint_2019120100_2020010100_002.xml.zip
795,complaint_2019120100_2020010100_003.xml.zip
796,complaint_2019120100_2020010100_004.xml.zip
797,complaint_2019120100_2020010100_005.xml.zip
798,complaint_2019120100_2020010100_006.xml.zip
799,complaint_2019120100_2020010100_007.xml.zip
800,complaint_2019120100_2020010100_008.xml.zip
801,complaint_2019120100_2020010100_009.xml.zip
802,complaint_2019120100_2020010100_010.xml.zip
803,complaint_2019120100_2020010100_011.xml.zip
804,complaint_2019120100_2020010100_012.xml.zip
805,complaint_2019120100_2020010100_013.xml.zip
806,complaint_2019120100_2020010100_014.xml.zip
807,complaint_2019120100_2020010100_015.xml.zip
808,complaint_2019120100_2020010100_016.xml.zip
809,complaint_2019120100_2020010100_017.xml.zip
810,complaint_2019120100_2020010100_018.xml.zip
811,complaint_2019120100_2020010100_019.xml.zip
812,complaint_2019120100_2020010100_020.xml.zip
813,complaint_2019120100_2020010100_021.xml.zip
814,complaint_2019120100_2020010100_022.xml.zip
815,complaint_2019120100_2020010100_023.xml.zip
816,complaint_2019120100_2020010100_024.xml.zip
817,complaint_2019120100_2020010100_025.xml.zip
818,complaint_2019120100_2020010100_026.xml.zip
819,complaint_2019120100_2020010100_027.xml.zip
820,complaint_2019120100_2020010100_028.xml.zip
821,complaint_2020010100_2020020100_001.xml.zip
822,complaint_2020010100_2020020100_002.xml.zip
823,complaint_2020010100_2020020100_003.xml.zip
824,complaint_2020010100_2020020100_004.xml.zip
825,complaint_2020010100_2020020100_005.xml.zip
826,complaint_2020010100_2020020100_006.xml.zip
827,complaint_2020010100_2020020100_007.xml.zip
828,complaint_2020010100_2020020100_008.xml.zip
829,complaint_2020010100_2020020100_009.xml.zip
830,complaint_2020010100_2020020100_010.xml.zip
831,complaint_2020010100_2020020100_011.xml.zip
832,complaint_2020010100_2020020100_012.xml.zip
833,complaint_2020010100_2020020100_013.xml.zip
834,complaint_2020010100_2020020100_014.xml.zip
835,complaint_2020010100_2020020100_015.xml.zip
836,complaint_2020020100_2020030100_001.xml.zip
837,complaint_2020020100_2020030100_002.xml.zip
838,complaint_2020020100_2020030100_003.xml.zip
839,complaint_2020020100_2020030100_004.xml.zip
840,complaint_2020020100_2020030100_005.xml.zip
841,complaint_2020020100_2020030100_006.xml.zip
842,complaint_2020020100_2020030100_007.xml.zip
843,complaint_2020020100_2020030100_008.xml.zip
844,complaint_2020020100_2020030100_009.xml.zip
845,complaint_2020020100_2020030100_010.xml.zip
846,complaint_2020020100_2020030100_011.xml.zip
847,complaint_2020020100_2020030100_012.xml.zip
848,complaint_2020020100_2020030100_013.xml.zip
849,complaint_2020020100_2020030100_014.xml.zip
850,complaint_2020020100_2020030100_015.xml.zip
851,complaint_2020020100_2020030100_016.xml.zip
852,complaint_2020020100_2020030100_017.xml.zip
853,complaint_2020030100_2020040100_001.xml.zip
854,complaint_2020030100_2020040100_002.xml.zip
855,complaint_2020030100_2020040100_003.xml.zip
856,complaint_2020030100_2020040100_004.xml.zip
857,complaint_2020030100_2020040100_005.xml.zip
858,complaint_2020030100_2020040100_006.xml.zip
859,complaint_2020030100_2020040100_007.xml.zip
860,complaint_2020030100_2020040100_008.xml.zip
861,complaint_2020030100_2020040100_009.xml.zip
862,complaint_2020030100_2020040100_010.xml.zip
863,complaint_2020030100_2020040100_011.xml.zip
864,complaint_2020030100_2020040100_012.xml.zip
865,complaint_2020030100_2020040100_013.xml.zip
866,complaint_2020030100_2020040100_014.xml.zip
867,complaint_2020030100_2020040100_015.xml.zip
868,complaint_2020030100_2020040100_016.xml.zip
869,complaint_2020030100_2020040100_017.xml.zip
870,complaint_2020030100_2020040100_018.xml.zip
871,complaint_2020030100_2020040100_019.xml.zip
872,complaint_2020030100_2020040100_020.xml.zip
873,complaint_2020030100_2020040100_021.xml.zip
874,complaint_2020030100_2020040100_022.xml.zip
875,complaint_2020030100_2020040100_023.xml.zip
876,complaint_2020030100_2020040100_024.xml.zip
877,complaint_2020030100_2020040100_025.xml.zip
878,complaint_2020032800_2020032823_001.xml.zip
879,complaint_2020032800_2020032823_002.xml.zip
880,complaint_2020032800_2020040223_001.xml.zip
881,complaint_2020032800_2020040223_002.xml.zip
882,complaint_2020032800_2020040223_003.xml.zip
883,complaint_2020032800_2020040223_004.xml.zip
884,complaint_2020032800_2020040223_005.xml.zip
885,complaint_2020032800_2020040223_006.xml.zip
886,complaint_2020032800_2020040223_007.xml.zip
887,complaint_2020033000_2020033123_001.xml.zip
888,complaint_2020033000_2020033123_002.xml.zip
889,complaint_2020033000_2020033123_003.xml.zip
890,complaint_2020033000_2020033123_004.xml.zip
891,complaint_2020033000_2020033123_005.xml.zip
892,complaint_2020040100_2020050100_001.xml.zip
893,complaint_2020040100_2020050100_002.xml.zip
894,complaint_2020040100_2020050100_003.xml.zip
895,complaint_2020040100_2020050100_004.xml.zip
896,complaint_2020040100_2020050100_005.xml.zip
897,complaint_2020040100_2020050100_006.xml.zip
898,complaint_2020040100_2020050100_007.xml.zip
899,complaint_2020040100_2020050100_008.xml.zip
900,complaint_2020040100_2020050100_009.xml.zip
901,complaint_2020040100_2020050100_010.xml.zip
902,complaint_2020040100_2020050100_011.xml.zip
903,complaint_2020040100_2020050100_012.xml.zip
904,complaint_2020040100_2020050100_013.xml.zip
905,complaint_2020040100_2020050100_014.xml.zip
906,complaint_2020040100_2020050100_015.xml.zip
907,complaint_2020040100_2020050100_016.xml.zip
908,complaint_2020040100_2020050100_017.xml.zip
909,complaint_2020040100_2020050100_018.xml.zip
910,complaint_2020040100_2020050100_019.xml.zip
911,complaint_2020040100_2020050100_020.xml.zip
912,complaint_2020040100_2020050100_021.xml.zip
913,complaint_2020040100_2020050100_022.xml.zip
914,complaint_2020040100_2020050100_023.xml.zip
915,complaint_2020040100_2020050100_024.xml.zip
916,complaint_2020040100_2020050100_025.xml.zip
917,complaint_2020040100_2020050100_026.xml.zip
918,complaint_2020040100_2020050100_027.xml.zip
919,complaint_2020040200_2020040223_001.xml.zip
920,complaint_2020040200_2020040223_002.xml.zip
921,complaint_2020040200_2020040223_003.xml.zip
922,complaint_2020041000_2020042823_001.xml.zip
923,complaint_2020041000_2020042823_002.xml.zip
924,complaint_2020041000_2020042823_003.xml.zip
925,complaint_2020041000_2020042823_004.xml.zip
926,complaint_2020041000_2020042823_005.xml.zip
927,complaint_2020041000_2020042823_006.xml.zip
928,complaint_2020041000_2020042823_007.xml.zip
929,complaint_2020041000_2020042823_008.xml.zip
930,complaint_2020041000_2020042823_009.xml.zip
931,complaint_2020041000_2020042823_010.xml.zip
932,complaint_2020041000_2020042823_011.xml.zip
933,complaint_2020041000_2020042823_012.xml.zip
934,complaint_2020041000_2020042823_013.xml.zip
935,complaint_2020041000_2020042823_014.xml.zip
936,complaint_2020041000_2020042823_015.xml.zip
937,complaint_2020041000_2020042823_016.xml.zip
938,complaint_2020041000_2020042823_017.xml.zip
939,complaint_2020041000_2020042823_018.xml.zip
940,complaint_2020050100_2020060100_001.xml.zip
941,complaint_2020050100_2020060100_002.xml.zip
942,complaint_2020050100_2020060100_003.xml.zip
943,complaint_2020050100_2020060100_004.xml.zip
944,complaint_2020050100_2020060100_005.xml.zip
945,complaint_2020050100_2020060100_006.xml.zip
946,complaint_2020050100_2020060100_007.xml.zip
947,complaint_2020050100_2020060100_008.xml.zip
948,complaint_2020050100_2020060100_009.xml.zip
949,complaint_2020050100_2020060100_010.xml.zip
950,complaint_2020050100_2020060100_011.xml.zip
951,complaint_2020050100_2020060100_012.xml.zip
952,complaint_2020050100_2020060100_013.xml.zip
953,complaint_2020050100_2020060100_014.xml.zip
954,complaint_2020050100_2020060100_015.xml.zip
955,complaint_2020050100_2020060100_016.xml.zip
956,complaint_2020050100_2020060100_017.xml.zip
957,complaint_2020050100_2020060100_018.xml.zip
958,complaint_2020050100_2020060100_019.xml.zip
959,complaint_2020050100_2020060100_020.xml.zip
960,complaint_2020050100_2020060100_021.xml.zip
961,complaint_2020050100_2020060100_022.xml.zip
962,complaint_2020050100_2020060100_023.xml.zip
963,complaint_2020050200_2020050223_001.xml.zip
964,complaint_2020050200_2020050223_002.xml.zip
965,complaint_2020050200_2020051523_001.xml.zip
966,complaint_2020050200_2020051523_002.xml.zip
967,complaint_2020050200_2020051523_003.xml.zip
968,complaint_2020050200_2020051523_004.xml.zip
969,complaint_2020050200_2020051523_005.xml.zip
970,complaint_2020050200_2020051523_006.xml.zip
971,complaint_2020050200_2020051523_007.xml.zip
972,complaint_2020050200_2020051523_008.xml.zip
973,complaint_2020050200_2020051523_009.xml.zip
974,complaint_2020050200_2020051523_010.xml.zip
975,complaint_2020050200_2020051523_011.xml.zip
976,complaint_2020050200_2020051523_012.xml.zip
977,complaint_2020060100_2020070100_001.xml.zip
978,complaint_2020060100_2020070100_002.xml.zip
979,complaint_2020060100_2020070100_003.xml.zip
980,complaint_2020060100_2020070100_004.xml.zip
981,complaint_2020060100_2020070100_005.xml.zip
982,complaint_2020060100_2020070100_006.xml.zip
983,complaint_2020060100_2020070100_007.xml.zip
984,complaint_2020060100_2020070100_008.xml.zip
985,complaint_2020060100_2020070100_009.xml.zip
986,complaint_2020060100_2020070100_010.xml.zip
987,complaint_2020060100_2020070100_011.xml.zip
988,complaint_2020060100_2020070100_012.xml.zip
989,complaint_2020060100_2020070100_013.xml.zip
990,complaint_2020060100_2020070100_014.xml.zip
991,complaint_2020060100_2020070100_015.xml.zip
992,complaint_2020060100_2020070100_016.xml.zip
993,complaint_2020060100_2020070100_017.xml.zip
994,complaint_2020060100_2020070100_018.xml.zip
995,complaint_2020060100_2020070100_019.xml.zip
996,complaint_2020060100_2020070100_020.xml.zip
997,complaint_2020060100_2020070100_021.xml.zip
998,complaint_2020060100_2020070100_022.xml.zip
999,complaint_2020060100_2020070100_023.xml.zip
1000,complaint_2020070100_2020080100_001.xml.zip
1001,complaint_2020070100_2020080100_002.xml.zip
1002,complaint_2020070100_2020080100_003.xml.zip
1003,complaint_2020070100_2020080100_004.xml.zip
1004,complaint_2020070100_2020080100_005.xml.zip
1005,complaint_2020070100_2020080100_006.xml.zip
1006,complaint_2020070100_2020080100_007.xml.zip
1007,complaint_2020070100_2020080100_008.xml.zip
1008,complaint_2020070100_2020080100_009.xml.zip
1009,complaint_2020070100_2020080100_010.xml.zip
1010,complaint_2020070100_2020080100_011.xml.zip
1011,complaint_2020070100_2020080100_012.xml.zip
1012,complaint_2020070100_2020080100_013.xml.zip
1013,complaint_2020070100_2020080100_014.xml.zip
1014,complaint_2020070100_2020080100_015.xml.zip
1015,complaint_2020070100_2020080100_016.xml.zip
1016,complaint_2020070100_2020080100_017.xml.zip
1017,complaint_2020070100_2020080100_018.xml.zip
1018,complaint_2020070100_2020080100_019.xml.zip
1019,complaint_2020070100_2020080100_020.xml.zip
1020,complaint_2020070100_2020080100_021.xml.zip
1021,complaint_2020070100_2020080100_022.xml.zip
1022,complaint_2020070100_2020080100_023.xml.zip
1023,complaint_2020080100_2020090100_001.xml.zip
1024,complaint_2020080100_2020090100_002.xml.zip
1025,complaint_2020080100_2020090100_003.xml.zip
1026,complaint_2020080100_2020090100_004.xml.zip
1027,complaint_2020080100_2020090100_005.xml.zip
1028,complaint_2020080100_2020090100_006.xml.zip
1029,complaint_2020080100_2020090100_007.xml.zip
1030,complaint_2020080100_2020090100_008.xml.zip
1031,complaint_2020080100_2020090100_009.xml.zip
1032,complaint_2020080100_2020090100_010.xml.zip
1033,complaint_2020080100_2020090100_011.xml.zip
1034,complaint_2020080100_2020090100_012.xml.zip
1035,complaint_2020080100_2020090100_013.xml.zip
1036,complaint_2020080100_2020090100_014.xml.zip
1037,complaint_2020080100_2020090100_015.xml.zip
1038,complaint_2020080100_2020090100_016.xml.zip
1039,complaint_2020080100_2020090100_017.xml.zip
1040,complaint_2020080100_2020090100_018.xml.zip
1041,complaint_2020090100_2020100100_001.xml.zip
1042,complaint_2020090100_2020100100_002.xml.zip
1043,complaint_2020090100_2020100100_003.xml.zip
1044,complaint_2020090100_2020100100_004.xml.zip
1045,complaint_2020090100_2020100100_005.xml.zip
1046,complaint_2020090100_2020100100_006.xml.zip
1047,complaint_2020090100_2020100100_007.xml.zip
1048,complaint_2020090100_2020100100_008.xml.zip
1049,complaint_2020090100_2020100100_009.xml.zip
1050,complaint_2020090100_2020100100_010.xml.zip
1051,complaint_2020090100_2020100100_011.xml.zip
1052,complaint_2020090100_2020100100_012.xml.zip
1053,complaint_2020090100_2020100100_013.xml.zip
1054,complaint_2020090100_2020100100_014.xml.zip
1055,complaint_2020090100_2020100100_015.xml.zip
1056,complaint_2020090100_2020100100_016.xml.zip
1057,complaint_2020090100_2020100100_017.xml.zip
1058,complaint_2020090100_2020100100_018.xml.zip
1059,complaint_2020100100_2020110100_001.xml.zip
1060,complaint_2020100100_2020110100_002.xml.zip
1061,complaint_2020100100_2020110100_003.xml.zip
1062,complaint_2020100100_2020110100_004.xml.zip
1063,complaint_2020100100_2020110100_005.xml.zip
1064,complaint_2020100100_2020110100_006.xml.zip
1065,complaint_2020100100_2020110100_007.xml.zip
1066,complaint_2020100100_2020110100_008.xml.zip
1067,complaint_2020100100_2020110100_009.xml.zip
1068,complaint_2020100100_2020110100_010.xml.zip
1069,complaint_2020100100_2020110100_011.xml.zip
1070,complaint_2020100100_2020110100_012.xml.zip
1071,complaint_2020100100_2020110100_013.xml.zip
1072,complaint_2020100100_2020110100_014.xml.zip
1073,complaint_2020100100_2020110100_015.xml.zip
1074,complaint_2020100100_2020110100_016.xml.zip
1075,complaint_2020100100_2020110100_017.xml.zip
1076,complaint_2020100100_2020110100_018.xml.zip
1077,complaint_2020100100_2020110100_019.xml.zip
1078,complaint_2020100100_2020110100_020.xml.zip
1079,complaint_2020110100_2020120100_001.xml.zip
1080,complaint_2020110100_2020120100_002.xml.zip
1081,complaint_2020110100_2020120100_003.xml.zip
1082,complaint_2020110100_2020120100_004.xml.zip
1083,complaint_2020110100_2020120100_005.xml.zip
1084,complaint_2020110100_2020120100_006.xml.zip
1085,complaint_2020110100_2020120100_007.xml.zip
1086,complaint_2020110100_2020120100_008.xml.zip
1087,complaint_2020110100_2020120100_009.xml.zip
1088,complaint_2020110100_2020120100_010.xml.zip
1089,complaint_2020110100_2020120100_011.xml.zip
1090,complaint_2020110100_2020120100_012.xml.zip
1091,complaint_2020110100_2020120100_013.xml.zip
1092,complaint_2020110100_2020120100_014.xml.zip
1093,complaint_2020110100_2020120100_015.xml.zip
1094,complaint_2020110100_2020120100_016.xml.zip
1095,complaint_2020110100_2020120100_017.xml.zip
1096,complaint_2020110100_2020120100_018.xml.zip
1097,complaint_2020110100_2020120100_019.xml.zip
1098,complaint_2020110100_2020120100_020.xml.zip
1099,complaint_2020120100_2021010100_001.xml.zip
1100,complaint_2020120100_2021010100_002.xml.zip
1101,complaint_2020120100_2021010100_003.xml.zip
1102,complaint_2020120100_2021010100_004.xml.zip
1103,complaint_2020120100_2021010100_005.xml.zip
1104,complaint_2020120100_2021010100_006.xml.zip
1105,complaint_2020120100_2021010100_007.xml.zip
1106,complaint_2020120100_2021010100_008.xml.zip
1107,complaint_2020120100_2021010100_009.xml.zip
1108,complaint_2020120100_2021010100_010.xml.zip
1109,complaint_2020120100_2021010100_011.xml.zip
1110,complaint_2020120100_2021010100_012.xml.zip
1111,complaint_2020120100_2021010100_013.xml.zip
1112,complaint_2020120100_2021010100_014.xml.zip
1113,complaint_2020120100_2021010100_015.xml.zip
1114,complaint_2020120100_2021010100_016.xml.zip
1115,complaint_2020120100_2021010100_017.xml.zip
1116,complaint_2020120100_2021010100_018.xml.zip
1117,complaint_2020120100_2021010100_019.xml.zip
1118,complaint_2020120100_2021010100_020.xml.zip
1119,complaint_2020120100_2021010100_021.xml.zip
1120,complaint_2020120100_2021010100_022.xml.zip
1121,complaint_2020120100_2021010100_023.xml.zip
1122,complaint_2020120100_2021010100_024.xml.zip
1123,complaint_2021010100_2021020100_001.xml.zip
1124,complaint_2021010100_2021020100_002.xml.zip
1125,complaint_2021010100_2021020100_003.xml.zip
1126,complaint_2021010100_2021020100_004.xml.zip
1127,complaint_2021010100_2021020100_005.xml.zip
1128,complaint_2021010100_2021020100_006.xml.zip
1129,complaint_2021010100_2021020100_007.xml.zip
1130,complaint_2021010100_2021020100_008.xml.zip
1131,complaint_2021010100_2021020100_009.xml.zip
1132,complaint_2021010100_2021020100_010.xml.zip
1133,complaint_2021010100_2021020100_011.xml.zip
1134,complaint_2021020100_2021030100_001.xml.zip
1135,complaint_2021020100_2021030100_002.xml.zip
1136,complaint_2021020100_2021030100_003.xml.zip
1137,complaint_2021020100_2021030100_004.xml.zip
1138,complaint_2021020100_2021030100_005.xml.zip
1139,complaint_2021020100_2021030100_006.xml.zip
1140,complaint_2021020100_2021030100_007.xml.zip
1141,complaint_2021020100_2021030100_008.xml.zip
1142,complaint_2021020100_2021030100_009.xml.zip
1143,complaint_2021020100_2021030100_010.xml.zip
1144,complaint_2021020100_2021030100_011.xml.zip
1145,complaint_2021020100_2021030100_012.xml.zip
1146,complaint_2021020100_2021030100_013.xml.zip
1147,complaint_2021020100_2021030100_014.xml.zip
1148,complaint_2021020100_2021030100_015.xml.zip
1149,complaint_2021030100_2021040100_001.xml.zip
1150,complaint_2021030100_2021040100_002.xml.zip
1151,complaint_2021030100_2021040100_003.xml.zip
1152,complaint_2021030100_2021040100_004.xml.zip
1153,complaint_2021030100_2021040100_005.xml.zip
1154,complaint_2021030100_2021040100_006.xml.zip
1155,complaint_2021030100_2021040100_007.xml.zip
1156,complaint_2021030100_2021040100_008.xml.zip
1157,complaint_2021030100_2021040100_009.xml.zip
1158,complaint_2021030100_2021040100_010.xml.zip
1159,complaint_2021030100_2021040100_011.xml.zip
1160,complaint_2021030100_2021040100_012.xml.zip
1161,complaint_2021030100_2021040100_013.xml.zip
1162,complaint_2021030100_2021040100_014.xml.zip
1163,complaint_2021030100_2021040100_015.xml.zip
1164,complaint_2021030100_2021040100_016.xml.zip
1165,complaint_2021030100_2021040100_017.xml.zip
1166,complaint_2021030100_2021040100_018.xml.zip
1167,complaint_2021030100_2021040100_019.xml.zip
1168,complaint_2021030100_2021040100_020.xml.zip
1169,complaint_2021040100_2021050100_001.xml.zip
1170,complaint_2021040100_2021050100_002.xml.zip
1171,complaint_2021040100_2021050100_003.xml.zip
1172,complaint_2021040100_2021050100_004.xml.zip
1173,complaint_2021040100_2021050100_005.xml.zip
1174,complaint_2021040100_2021050100_006.xml.zip
1175,complaint_2021040100_2021050100_007.xml.zip
1176,complaint_2021040100_2021050100_008.xml.zip
1177,complaint_2021040100_2021050100_009.xml.zip
1178,complaint_2021040100_2021050100_010.xml.zip
1179,complaint_2021040100_2021050100_012.xml.zip
1180,complaint_2021040100_2021050100_013.xml.zip
1181,complaint_2021040100_2021050100_014.xml.zip
1182,complaint_2021040100_2021050100_015.xml.zip
1183,complaint_2021040100_2021050100_016.xml.zip
1184,complaint_2021040100_2021050100_017.xml.zip
1185,complaint_2021040100_2021050100_018.xml.zip
1186,complaint_2021040100_2021050100_019.xml.zip
1187,complaint_2021040100_2021050100_020.xml.zip
1188,complaint_2021040100_2021050100_021.xml.zip
1189,complaint_2021040100_2021050100_022.xml.zip
1190,complaint_2021040100_2021050100_023.xml.zip
1191,complaint_2021050100_2021060100_001.xml.zip
1192,complaint_2021050100_2021060100_002.xml.zip
1193,complaint_2021050100_2021060100_003.xml.zip
1194,complaint_2021050100_2021060100_004.xml.zip
1195,complaint_2021050100_2021060100_005.xml.zip
1196,complaint_2021050100_2021060100_006.xml.zip
1197,complaint_2021050100_2021060100_007.xml.zip
1198,complaint_2021050100_2021060100_008.xml.zip
1199,complaint_2021050100_2021060100_009.xml.zip
1200,complaint_2021050100_2021060100_010.xml.zip
1201,complaint_2021050100_2021060100_011.xml.zip
1202,complaint_2021050100_2021060100_012.xml.zip
1203,complaint_2021050100_2021060100_013.xml.zip
1204,complaint_2021050100_2021060100_014.xml.zip
1205,complaint_2021050100_2021060100_015.xml.zip
1206,complaint_2021050100_2021060100_016.xml.zip
1207,complaint_2021060100_2021070100_001.xml.zip
1208,complaint_2021060100_2021070100_002.xml.zip
1209,complaint_2021060100_2021070100_003.xml.zip
1210,complaint_2021060100_2021070100_004.xml.zip
1211,complaint_2021060100_2021070100_005.xml.zip
1212,complaint_2021060100_2021070100_006.xml.zip
1213,complaint_2021060100_2021070100_007.xml.zip
1214,complaint_2021060100_2021070100_008.xml.zip
1215,complaint_2021060100_2021070100_009.xml.zip
1216,complaint_2021060100_2021070100_011.xml.zip
1217,complaint_2021060100_2021070100_012.xml.zip
1218,complaint_2021060100_2021070100_013.xml.zip
1219,complaint_2021060100_2021070100_014.xml.zip
1220,complaint_2021060100_2021070100_015.xml.zip
1221,complaint_2021060100_2021070100_016.xml.zip
1222,complaint_2021060100_2021070100_017.xml.zip
1223,complaint_2021060100_2021070100_018.xml.zip
1224,complaint_2021060100_2021070100_019.xml.zip
1225,complaint_2021060100_2021070100_020.xml.zip
1226,complaint_2021060100_2021070100_021.xml.zip
1227,complaint_2021070100_2021080100_001.xml.zip
1228,complaint_2021070100_2021080100_002.xml.zip
1229,complaint_2021070100_2021080100_003.xml.zip
1230,complaint_2021070100_2021080100_004.xml.zip
1231,complaint_2021070100_2021080100_005.xml.zip
1232,complaint_2021070100_2021080100_006.xml.zip
1233,complaint_2021070100_2021080100_007.xml.zip
1234,complaint_2021070100_2021080100_008.xml.zip
1235,complaint_2021070100_2021080100_009.xml.zip
1236,complaint_2021070100_2021080100_010.xml.zip
1237,complaint_2021070100_2021080100_011.xml.zip
1238,complaint_2021070100_2021080100_012.xml.zip
1239,complaint_2021070100_2021080100_013.xml.zip
1240,complaint_2021070100_2021080100_014.xml.zip
1241,complaint_2021070100_2021080100_015.xml.zip
1242,complaint_2021070100_2021080100_016.xml.zip
1243,complaint_2021070100_2021080100_017.xml.zip
1244,complaint_2021070100_2021080100_018.xml.zip
1245,complaint_2021070100_2021080100_019.xml.zip
1246,complaint_2021070100_2021080100_020.xml.zip
1247,complaint_2021070100_2021080100_021.xml.zip
1248,complaint_2021070100_2021080100_022.xml.zip
1249,complaint_2021080100_2021090100_001.xml.zip
1250,complaint_2021080100_2021090100_002.xml.zip
1251,complaint_2021080100_2021090100_003.xml.zip
1252,complaint_2021080100_2021090100_004.xml.zip
1253,complaint_2021080100_2021090100_005.xml.zip
1254,complaint_2021080100_2021090100_006.xml.zip
1255,complaint_2021080100_2021090100_007.xml.zip
1256,complaint_2021080100_2021090100_008.xml.zip
1257,complaint_2021080100_2021090100_009.xml.zip
1258,complaint_2021080100_2021090100_010.xml.zip
1259,complaint_2021080100_2021090100_011.xml.zip
1260,complaint_2021080100_2021090100_012.xml.zip
1261,complaint_2021080100_2021090100_013.xml.zip
1262,complaint_2021080100_2021090100_014.xml.zip
1263,complaint_2021080100_2021090100_015.xml.zip
1264,complaint_2021080100_2021090100_016.xml.zip
1265,complaint_2021080100_2021090100_017.xml.zip
1266,complaint_2021080100_2021090100_018.xml.zip
1267,complaint_2021080100_2021090100_019.xml.zip
1268,complaint_2021080100_2021090100_020.xml.zip
1269,complaint_2021080100_2021090100_021.xml.zip
1270,complaint_2021090100_2021100100_001.xml.zip
1271,complaint_2021090100_2021100100_002.xml.zip
1272,complaint_2021090100_2021100100_003.xml.zip
1273,complaint_2021090100_2021100100_004.xml.zip
1274,complaint_2021090100_2021100100_005.xml.zip
1275,complaint_2021090100_2021100100_006.xml.zip
1276,complaint_2021090100_2021100100_007.xml.zip
1277,complaint_2021090100_2021100100_008.xml.zip
1278,complaint_2021090100_2021100100_009.xml.zip
1279,complaint_2021090100_2021100100_010.xml.zip
1280,complaint_2021090100_2021100100_011.xml.zip
1281,complaint_2021090100_2021100100_012.xml.zip
1282,complaint_2021090100_2021100100_013.xml.zip
1283,complaint_2021090100_2021100100_014.xml.zip
1284,complaint_2021090100_2021100100_015.xml.zip
1285,complaint_2021090100_2021100100_016.xml.zip
1286,complaint_2021090100_2021100100_017.xml.zip
1287,complaint_2021090100_2021100100_018.xml.zip
1288,complaint_2021090100_2021100100_019.xml.zip
1289,complaint_2021100100_2021110100_001.xml.zip
1290,complaint_2021100100_2021110100_002.xml.zip
1291,complaint_2021100100_2021110100_003.xml.zip
1292,complaint_2021100100_2021110100_004.xml.zip
1293,complaint_2021100100_2021110100_005.xml.zip
1294,complaint_2021100100_2021110100_006.xml.zip
1295,complaint_2021100100_2021110100_007.xml.zip
1296,complaint_2021100100_2021110100_008.xml.zip
1297,complaint_2021100100_2021110100_009.xml.zip
1298,complaint_2021100100_2021110100_010.xml.zip
1299,complaint_2021100100_2021110100_011.xml.zip
1300,complaint_2021100100_2021110100_012.xml.zip
1301,complaint_2021100100_2021110100_013.xml.zip
1302,complaint_2021100100_2021110100_014.xml.zip
1303,complaint_2021100100_2021110100_015.xml.zip
1304,complaint_2021100100_2021110100_016.xml.zip
1305,complaint_2021100100_2021110100_017.xml.zip
1306,complaint_2021100100_2021110100_018.xml.zip
1307,complaint_2021110100_2021120100_001.xml.zip
1308,complaint_2021110100_2021120100_002.xml.zip
1309,complaint_2021110100_2021120100_003.xml.zip
1310,complaint_2021110100_2021120100_004.xml.zip
1311,complaint_2021110100_2021120100_005.xml.zip
1312,complaint_2021110100_2021120100_006.xml.zip
1313,complaint_2021110100_2021120100_007.xml.zip
1314,complaint_2021110100_2021120100_008.xml.zip
1315,complaint_2021110100_2021120100_009.xml.zip
1316,complaint_2021110100_2021120100_010.xml.zip
1317,complaint_2021110100_2021120100_011.xml.zip
1318,complaint_2021110100_2021120100_012.xml.zip
1319,complaint_2021110100_2021120100_013.xml.zip
1320,complaint_2021110100_2021120100_014.xml.zip
1321,complaint_2021110100_2021120100_015.xml.zip
1322,complaint_2021110100_2021120100_016.xml.zip
1323,complaint_2021110100_2021120100_017.xml.zip
1324,complaint_2021110100_2021120100_018.xml.zip
1325,complaint_2021110100_2021120100_019.xml.zip
1326,complaint_2021120100_2022010100_001.xml.zip
1327,complaint_2021120100_2022010100_002.xml.zip
1328,complaint_2021120100_2022010100_003.xml.zip
1329,complaint_2021120100_2022010100_004.xml.zip
1330,complaint_2021120100_2022010100_005.xml.zip
1331,complaint_2021120100_2022010100_006.xml.zip
1332,complaint_2021120100_2022010100_007.xml.zip
1333,complaint_2021120100_2022010100_008.xml.zip
1334,complaint_2021120100_2022010100_009.xml.zip
1335,complaint_2021120100_2022010100_010.xml.zip
1336,complaint_2021120100_2022010100_011.xml.zip
1337,complaint_2021120100_2022010100_012.xml.zip
1338,complaint_2021120100_2022010100_013.xml.zip
1339,complaint_2021120100_2022010100_014.xml.zip
1340,complaint_2021120100_2022010100_015.xml.zip
1341,complaint_2021120100_2022010100_016.xml.zip
1342,complaint_2021120100_2022010100_017.xml.zip
1343,complaint_2021120100_2022010100_018.xml.zip
1344,complaint_2021120100_2022010100_019.xml.zip
1345,complaint_2021120100_2022010100_020.xml.zip
1346,complaint_2021120100_2022010100_021.xml.zip
1347,complaint_2021120100_2022010100_022.xml.zip
1348,complaint_2021120100_2022010100_023.xml.zip
1349,complaint_2021120100_2022010100_024.xml.zip
1350,complaint_2021120100_2022010100_025.xml.zip
1351,complaint_2021120100_2022010100_026.xml.zip
1352,complaint_2022010100_2022020100_001.xml.zip
1353,complaint_2022010100_2022020100_002.xml.zip
1354,complaint_2022010100_2022020100_003.xml.zip
1355,complaint_2022010100_2022020100_004.xml.zip
1356,complaint_2022010100_2022020100_005.xml.zip
1357,complaint_2022010100_2022020100_006.xml.zip
1358,complaint_2022010100_2022020100_007.xml.zip
1359,complaint_2022010100_2022020100_008.xml.zip
1360,complaint_2022010100_2022020100_009.xml.zip
1361,complaint_2022010100_2022020100_010.xml.zip
1362,complaint_2022010100_2022020100_011.xml.zip
1363,complaint_2022010100_2022020100_012.xml.zip
1364,complaint_2022010100_2022020100_013.xml.zip
1365,complaint_2022020100_2022030100_001.xml.zip
1366,complaint_2022020100_2022030100_002.xml.zip
1367,complaint_2022020100_2022030100_003.xml.zip
1368,complaint_2022020100_2022030100_004.xml.zip
1369,complaint_2022020100_2022030100_005.xml.zip
1370,complaint_2022020100_2022030100_006.xml.zip
1371,complaint_2022020100_2022030100_007.xml.zip
1372,complaint_2022020100_2022030100_008.xml.zip
1373,complaint_2022020100_2022030100_009.xml.zip
1374,complaint_2022020100_2022030100_010.xml.zip
1375,complaint_2022020100_2022030100_011.xml.zip
1376,complaint_2022020100_2022030100_012.xml.zip
1377,complaint_2022020100_2022030100_013.xml.zip
1378,complaint_2022020100_2022030100_014.xml.zip
1379,complaint_2022030100_2022040100_001.xml.zip
1380,complaint_2022030100_2022040100_002.xml.zip
1381,complaint_2022030100_2022040100_003.xml.zip
1382,complaint_2022030100_2022040100_004.xml.zip
1383,complaint_2022030100_2022040100_005.xml.zip
1384,complaint_2022030100_2022040100_006.xml.zip
1385,complaint_2022030100_2022040100_007.xml.zip
1386,complaint_2022030100_2022040100_008.xml.zip
1387,complaint_2022030100_2022040100_009.xml.zip
1388,complaint_2022030100_2022040100_010.xml.zip
1389,complaint_2022030100_2022040100_011.xml.zip
1390,complaint_2022030100_2022040100_012.xml.zip
1391,complaint_2022030100_2022040100_013.xml.zip
1392,complaint_2022030100_2022040100_014.xml.zip
1393,complaint_2022030100_2022040100_015.xml.zip
1394,complaint_2022030100_2022040100_016.xml.zip
1395,complaint_2022030100_2022040100_017.xml.zip
1396,complaint_2022040100_2022050100_001.xml.zip
1397,complaint_2022040100_2022050100_002.xml.zip
1398,complaint_2022040100_2022050100_003.xml.zip
1399,complaint_2022040100_2022050100_004.xml.zip
1400,complaint_2022040100_2022050100_005.xml.zip
1401,complaint_2022040100_2022050100_006.xml.zip
1402,complaint_2022040100_2022050100_007.xml.zip
1403,complaint_2022040100_2022050100_008.xml.zip
1404,complaint_2022040100_2022050100_009.xml.zip
1405,complaint_2022040100_2022050100_010.xml.zip
1406,complaint_2022040100_2022050100_011.xml.zip
1407,complaint_2022040100_2022050100_012.xml.zip
1408,complaint_2022040100_2022050100_013.xml.zip
1409,complaint_2022040100_2022050100_014.xml.zip
1410,complaint_2022040100_2022050100_015.xml.zip
1411,complaint_2022040100_2022050100_016.xml.zip
1412,complaint_2022040100_2022050100_017.xml.zip
1413,complaint_2022040100_2022050100_018.xml.zip
1414,complaint_2022040100_2022050100_019.xml.zip
1415,complaint_2022050100_2022060100_001.xml.zip
1416,complaint_2022050100_2022060100_002.xml.zip
1417,complaint_2022050100_2022060100_003.xml.zip
1418,complaint_2022050100_2022060100_004.xml.zip
1419,complaint_2022050100_2022060100_005.xml.zip
1420,complaint_2022050100_2022060100_006.xml.zip
1421,complaint_2022050100_2022060100_007.xml.zip
1422,complaint_2022050100_2022060100_008.xml.zip
1423,complaint_2022050100_2022060100_009.xml.zip
1424,complaint_2022050100_2022060100_010.xml.zip
1425,complaint_2022050100_2022060100_011.xml.zip
1426,complaint_2022050100_2022060100_012.xml.zip
1427,complaint_2022050100_2022060100_013.xml.zip
1428,complaint_2022050100_2022060100_014.xml.zip
1429,complaint_2022050100_2022060100_015.xml.zip
1430,complaint_2022050100_2022060100_016.xml.zip
1431,complaint_2022050100_2022060100_017.xml.zip
1432,complaint_2022050100_2022060100_018.xml.zip
1433,complaint_2022060100_2022070100_001.xml.zip
1434,complaint_2022060100_2022070100_002.xml.zip
1435,complaint_2022060100_2022070100_003.xml.zip
1436,complaint_2022060100_2022070100_004.xml.zip
1437,complaint_2022060100_2022070100_005.xml.zip
1438,complaint_2022060100_2022070100_006.xml.zip
1439,complaint_2022060100_2022070100_007.xml.zip
1440,complaint_2022060100_2022070100_008.xml.zip
1441,complaint_2022060100_2022070100_009.xml.zip
1442,complaint_2022060100_2022070100_010.xml.zip
1443,complaint_2022060100_2022070100_011.xml.zip
1444,complaint_2022060100_2022070100_012.xml.zip
1445,complaint_2022060100_2022070100_013.xml.zip
1446,complaint_2022060100_2022070100_014.xml.zip
1447,complaint_2022060100_2022070100_015.xml.zip
1448,complaint_2022060100_2022070100_016.xml.zip
1449,complaint_2022060100_2022070100_017.xml.zip
1450,complaint_2022060100_2022070100_018.xml.zip
1451,complaint_2022060100_2022070100_019.xml.zip
1452,complaint_2022060100_2022070100_020.xml.zip
1453,complaint_2022070100_2022080100_001.xml.zip
1454,complaint_2022070100_2022080100_002.xml.zip
1455,complaint_2022070100_2022080100_003.xml.zip
1456,complaint_2022070100_2022080100_004.xml.zip
1457,complaint_2022070100_2022080100_005.xml.zip
1458,complaint_2022070100_2022080100_006.xml.zip
1459,complaint_2022070100_2022080100_007.xml.zip
1460,complaint_2022070100_2022080100_008.xml.zip
1461,complaint_2022070100_2022080100_009.xml.zip
1462,complaint_2022070100_2022080100_010.xml.zip
1463,complaint_2022070100_2022080100_011.xml.zip
1464,complaint_2022070100_2022080100_012.xml.zip
1465,complaint_2022070100_2022080100_013.xml.zip
1466,complaint_2022070100_2022080100_014.xml.zip
1467,complaint_2022070100_2022080100_015.xml.zip
1468,complaint_2022070100_2022080100_016.xml.zip
1469,complaint_2022070100_2022080100_017.xml.zip
1470,complaint_2022070100_2022080100_018.xml.zip
1471,complaint_2022070100_2022080100_019.xml.zip
1472,complaint_2022072600_2022072700_001.xml.zip
1473,complaint_2022072600_2022072700_002.xml.zip
1474,complaint_2022072600_2022072700_003.xml.zip
1475,complaint_2022072600_2022072700_004.xml.zip
1476,complaint_2022072600_2022072700_005.xml.zip
1477,complaint_2022072600_2022072700_006.xml.zip
1478,complaint_2022080100_2022090100_001.xml.zip
1479,complaint_2022080100_2022090100_002.xml.zip
1480,complaint_2022080100_2022090100_003.xml.zip
1481,complaint_2022080100_2022090100_004.xml.zip
1482,complaint_2022080100_2022090100_005.xml.zip
1483,complaint_2022080100_2022090100_006.xml.zip
1484,complaint_2022080100_2022090100_007.xml.zip
1485,complaint_2022080100_2022090100_008.xml.zip
1486,complaint_2022080100_2022090100_009.xml.zip
1487,complaint_2022080100_2022090100_010.xml.zip
1488,complaint_2022080100_2022090100_011.xml.zip
1489,complaint_2022080100_2022090100_012.xml.zip
1490,complaint_2022080100_2022090100_013.xml.zip
1491,complaint_2022080100_2022090100_014.xml.zip
1492,complaint_2022080100_2022090100_015.xml.zip
1493,complaint_2022080100_2022090100_016.xml.zip
1494,complaint_2022080100_2022090100_017.xml.zip
1495,complaint_2022080100_2022090100_018.xml.zip
1496,complaint_2022080100_2022090100_019.xml.zip
1497,complaint_2022080100_2022090100_020.xml.zip
1498,complaint_2022090100_2022100100_001.xml.zip
1499,complaint_2022090100_2022100100_002.xml.zip
1500,complaint_2022090100_2022100100_003.xml.zip
1501,complaint_2022090100_2022100100_004.xml.zip
1502,complaint_2022090100_2022100100_005.xml.zip
1503,complaint_2022090100_2022100100_006.xml.zip
1504,complaint_2022090100_2022100100_007.xml.zip
1505,complaint_2022090100_2022100100_008.xml.zip
1506,complaint_2022090100_2022100100_009.xml.zip
1507,complaint_2022090100_2022100100_010.xml.zip
1508,complaint_2022090100_2022100100_011.xml.zip
1509,complaint_2022090100_2022100100_012.xml.zip
1510,complaint_2022090100_2022100100_013.xml.zip
1511,complaint_2022090100_2022100100_014.xml.zip
1512,complaint_2022090100_2022100100_015.xml.zip
1513,complaint_2022090100_2022100100_016.xml.zip
1514,complaint_2022090100_2022100100_017.xml.zip
1515,complaint_2022090100_2022100100_018.xml.zip
1516,complaint_2022090100_2022100100_019.xml.zip
1517,complaint_2022090100_2022100100_020.xml.zip
1518,complaint_2022100100_2022100100_001.xml.zip
